image: corridor_map.png
resolution: 0.073
origin: [-0.80000, -7.000000, 0.000000]
negate: 0
occupied_thresh: 0.45
free_thresh: 0.196
